# Migration is number of nodes that have changed color.

Round		Edge-Cut		Swaps		Migrations		Skipped
0		8717		4653		3111
1		7894		9199		3074
2		7276		13717		3120
3		6873		18186		3201
4		6570		22641		3181
5		6219		27036		3142
6		6012		31472		3163
7		5788		35903		3155
8		5593		40292		3168
9		5395		44691		3175
10		5262		49061		3236
11		5092		53440		3199
12		5022		57814		3192
13		4932		62147		3220
14		4803		66513		3204
15		4728		70851		3207
16		4614		75218		3216
17		4516		79579		3237
18		4425		83928		3234
19		4348		88295		3232
20		4276		92650		3226
21		4250		97018		3223
22		4182		101371		3246
23		4107		105749		3253
24		4035		110107		3257
25		3945		114452		3255
26		3928		118777		3262
27		3871		123106		3251
28		3849		127443		3265
29		3781		131793		3274
30		3727		136125		3261
31		3741		140474		3258
32		3733		144808		3279
33		3690		149171		3270
34		3650		153507		3292
35		3640		157833		3323
36		3583		162190		3305
37		3575		166535		3296
38		3535		170882		3298
39		3490		175204		3274
40		3476		179518		3283
41		3467		183875		3296
42		3442		188213		3281
43		3428		192561		3288
44		3391		196901		3298
45		3348		201262		3310
46		3321		205580		3321
47		3321		209902		3308
48		3349		214234		3292
49		3303		218586		3323
50		3251		222900		3307
51		3253		227244		3307
52		3250		231584		3310
53		3222		235914		3295
54		3210		240244		3297
55		3199		244580		3282
56		3176		248918		3293
57		3185		253249		3304
58		3174		257568		3296
59		3185		261912		3290
60		3125		266250		3292
61		3136		270582		3305
62		3109		274932		3308
63		3110		279288		3288
64		3078		283608		3305
65		3080		287957		3294
66		3074		292290		3299
67		3044		296622		3292
68		3034		300960		3298
69		3024		305278		3297
70		2980		309598		3281
71		2993		313936		3304
72		2975		318288		3311
73		2950		322625		3323
74		2940		326952		3318
75		2962		331307		3318
76		2975		335662		3314
77		2915		339978		3302
78		2904		344333		3298
79		2889		348655		3311
80		2895		352993		3294
81		2871		357330		3315
82		2855		361654		3302
83		2853		365987		3297
84		2836		370375		3307
85		2864		374748		3295
86		2809		379102		3316
87		2832		383437		3317
88		2799		387763		3330
89		2789		392107		3313
90		2808		396462		3289
91		2808		400808		3309
92		2772		405175		3310
93		2758		409513		3305
94		2734		413884		3322
95		2697		418252		3325
96		2686		422629		3313
97		2707		426955		3316
98		2682		431293		3299
99		2668		435634		3312
100		2664		439996		3299
101		2655		444312		3307
102		2644		448625		3297
103		2638		452986		3300
104		2645		457319		3302
105		2624		461683		3302
106		2604		466046		3296
107		2616		470422		3317
108		2581		474768		3298
109		2593		479116		3308
110		2613		483460		3311
111		2601		487810		3332
112		2593		492129		3314
113		2614		496477		3331
114		2588		500849		3311
115		2576		505184		3327
116		2564		509500		3314
117		2523		513888		3316
118		2534		518273		3302
119		2513		522605		3317
120		2509		526956		3318
121		2505		531298		3317
122		2494		535620		3326
123		2462		539970		3322
124		2491		544315		3300
125		2458		548679		3319
126		2478		553050		3332
127		2488		557358		3334
128		2495		561710		3340
129		2465		566079		3336
130		2457		570437		3327
131		2457		574761		3314
132		2444		579117		3306
133		2438		583447		3324
134		2456		587800		3317
135		2458		592138		3306
136		2436		596459		3326
137		2469		600828		3327
138		2415		605190		3319
139		2443		609538		3325
140		2417		613899		3349
141		2423		618245		3335
142		2420		622608		3345
143		2426		626971		3346
144		2387		631315		3332
145		2374		635683		3325
146		2365		640006		3320
147		2365		644385		3320
148		2342		648764		3328
149		2333		653105		3321
150		2321		657455		3324
151		2289		661804		3318
152		2324		666154		3320
153		2327		670498		3342
154		2324		674844		3318
155		2320		679201		3325
156		2342		683570		3331
157		2346		687892		3321
158		2328		692254		3347
159		2349		696658		3330
160		2343		701021		3331
161		2320		705390		3329
162		2304		709778		3322
163		2296		714156		3327
164		2279		718510		3312
165		2296		722868		3324
166		2291		727236		3354
167		2263		731571		3342
168		2259		735935		3357
169		2235		740262		3345
170		2235		744632		3338
171		2231		749017		3323
172		2228		753373		3338
173		2220		757733		3336
174		2254		762095		3340
175		2265		766439		3324
176		2253		770787		3342
177		2228		775124		3359
178		2243		779490		3343
179		2259		783845		3350
180		2258		788233		3336
181		2218		792604		3329
182		2234		796973		3333
183		2243		801301		3340
184		2248		805669		3328
185		2259		810040		3341
186		2222		814404		3341
187		2226		818778		3334
188		2212		823155		3335
189		2243		827505		3347
190		2207		831868		3348
191		2197		836258		3339
192		2181		840585		3340
193		2179		844923		3354
194		2166		849255		3338
195		2165		853624		3332
196		2147		857966		3330
197		2184		862313		3353
198		2190		866681		3343
199		2148		871033		3344
200		2128		875398		3358
201		2113		879776		3327
202		2120		884130		3335
203		2091		888469		3340
204		2114		892858		3338
205		2094		897242		3341
206		2099		901608		3336
207		2107		905963		3351
208		2081		910324		3340
209		2081		914709		3337
210		2073		919048		3335
211		2076		923413		3332
212		2105		927779		3340
213		2080		932130		3336
214		2101		936488		3340
215		2117		940821		3337
216		2061		945186		3335
217		2057		949547		3334
218		2042		953933		3340
219		2034		958296		3342
220		2027		962677		3337
221		2017		967063		3335
222		2009		971406		3330
223		2013		975759		3333
224		2008		980125		3341
225		2018		984481		3332
226		2010		988812		3336
227		2009		993176		3336
228		1982		997544		3328
229		2011		1001927		3323
230		2005		1006282		3331
231		2002		1010620		3337
232		2001		1014986		3337
233		2012		1019344		3333
234		2011		1023702		3346
235		1974		1028070		3345
236		1970		1032438		3344
237		1989		1036807		3353
238		1991		1041160		3345
239		1964		1045539		3339
240		1955		1049935		3341
241		1960		1054288		3345
242		1946		1058658		3339
243		1934		1063040		3343
244		1926		1067399		3359
245		1916		1071762		3350
246		1912		1076102		3364
247		1921		1080481		3365
248		1925		1084830		3352
249		1916		1089223		3359
250		1915		1093611		3356
251		1912		1097980		3352
252		1910		1102394		3352
253		1920		1106778		3355
254		1916		1111150		3336
255		1874		1115492		3377
256		1887		1119873		3355
257		1867		1124253		3359
258		1884		1128625		3367
259		1862		1132988		3363
260		1889		1137373		3370
261		1878		1141740		3363
262		1879		1146084		3367
263		1872		1150442		3377
264		1878		1154817		3375
265		1864		1159210		3375
266		1864		1163571		3365
267		1848		1167943		3362
268		1857		1172292		3350
269		1853		1176663		3367
270		1864		1181046		3357
271		1876		1185459		3369
272		1866		1189824		3355
273		1839		1194202		3362
274		1850		1198549		3351
275		1835		1202926		3363
276		1844		1207284		3358
277		1842		1211676		3362
278		1844		1216076		3365
279		1847		1220427		3362
280		1839		1224838		3355
281		1837		1229183		3363
282		1835		1233544		3359
283		1826		1237890		3355
284		1806		1242292		3365
285		1809		1246678		3361
286		1814		1251060		3364
287		1840		1255423		3364
288		1820		1259803		3360
289		1812		1264175		3350
290		1833		1268574		3366
291		1849		1272955		3353
292		1841		1277350		3361
293		1826		1281726		3367
294		1821		1286071		3365
295		1804		1290419		3375
296		1831		1294811		3356
297		1841		1299165		3368
298		1848		1303536		3371
299		1849		1307912		3366
300		1839		1312313		3368
301		1821		1316684		3382
302		1815		1321069		3382
303		1790		1325431		3384
304		1799		1329785		3376
305		1809		1334144		3388
306		1809		1338554		3374
307		1808		1342942		3376
308		1813		1347302		3372
309		1818		1351687		3373
310		1815		1356069		3373
311		1823		1360445		3382
312		1819		1364820		3379
313		1788		1369200		3390
314		1787		1373581		3378
315		1773		1377945		3379
316		1767		1382319		3380
317		1753		1386677		3364
318		1774		1391056		3372
319		1766		1395433		3366
320		1767		1399855		3372
321		1759		1404221		3382
322		1759		1408602		3375
323		1758		1412949		3378
324		1727		1417337		3375
325		1736		1421715		3383
326		1752		1426094		3387
327		1740		1430436		3368
328		1722		1434813		3363
329		1727		1439181		3366
330		1720		1443549		3363
331		1741		1447922		3356
332		1723		1452290		3352
333		1722		1456665		3368
334		1742		1461048		3354
335		1740		1465418		3369
336		1734		1469780		3367
337		1735		1474143		3356
338		1759		1478506		3355
339		1753		1482849		3356
340		1755		1487214		3351
341		1765		1491576		3351
342		1750		1495954		3347
343		1756		1500320		3350
344		1764		1504699		3352
345		1751		1509056		3353
346		1795		1513441		3335
347		1791		1517824		3350
348		1773		1522189		3345
349		1770		1526579		3339
350		1777		1530945		3334
351		1784		1535312		3344
352		1771		1539659		3347
353		1782		1544017		3339
354		1770		1548380		3334
355		1755		1552737		3346
356		1772		1557098		3339
357		1773		1561503		3350
358		1764		1565871		3337
359		1778		1570209		3346
360		1772		1574585		3351
361		1768		1578956		3359
362		1773		1583338		3355
363		1771		1587740		3341
364		1777		1592132		3357
365		1779		1596541		3340
366		1781		1600897		3352
367		1761		1605266		3354
368		1775		1609635		3355
369		1779		1614036		3360
370		1780		1618428		3360
371		1754		1622806		3353
372		1734		1627212		3351
373		1748		1631585		3360
374		1744		1635974		3346
375		1751		1640370		3356
376		1743		1644727		3362
377		1726		1649103		3366
378		1706		1653488		3366
379		1729		1657857		3371
380		1743		1662231		3363
381		1741		1666595		3371
382		1720		1670956		3357
383		1719		1675326		3362
384		1729		1679705		3371
385		1723		1684080		3364
386		1710		1688460		3372
387		1722		1692843		3364
388		1708		1697227		3373
389		1693		1701616		3369
390		1704		1706002		3382
391		1715		1710356		3364
392		1721		1714702		3371
393		1702		1719103		3363
394		1706		1723459		3373
395		1708		1727839		3370
396		1700		1732245		3367
397		1711		1736648		3376
398		1694		1741052		3386
399		1654		1745440		3376
400		1658		1749818		3379
401		1686		1754197		3382
402		1661		1758595		3386
403		1657		1762951		3376
404		1651		1767323		3377
405		1663		1771685		3381
406		1642		1776048		3380
407		1651		1780409		3386
408		1659		1784776		3379
409		1679		1789152		3375
410		1668		1793529		3377
411		1681		1797959		3377
412		1678		1802361		3372
413		1662		1806753		3371
414		1631		1811140		3374
415		1640		1815546		3384
416		1634		1819943		3383
417		1644		1824283		3392
418		1637		1828635		3395
419		1655		1833001		3388
420		1649		1837355		3399
421		1631		1841747		3390
422		1635		1846138		3395
423		1612		1850508		3387
424		1616		1854915		3384
425		1621		1859273		3395
426		1608		1863654		3390
427		1631		1868021		3384
428		1651		1872393		3399
429		1638		1876783		3396
430		1652		1881148		3382
431		1628		1885506		3394
432		1652		1889880		3388
433		1653		1894259		3392
434		1652		1898652		3394
435		1638		1903038		3393
436		1641		1907394		3390
437		1684		1911781		3413
438		1662		1916160		3396
439		1641		1920562		3418
440		1665		1924958		3403
441		1629		1929335		3396
442		1630		1933714		3398
443		1637		1938099		3402
444		1632		1942469		3389
445		1618		1946864		3399
446		1619		1951223		3396
447		1621		1955618		3390
448		1598		1960019		3392
449		1583		1964430		3407
450		1592		1968791		3390
451		1593		1973172		3391
452		1610		1977552		3403
453		1588		1981935		3396
454		1590		1986302		3395
455		1598		1990673		3396
456		1587		1995069		3398
457		1597		1999418		3393
458		1604		2003781		3395
459		1585		2008174		3387
460		1595		2012575		3393
461		1589		2016965		3393
462		1587		2021333		3390
463		1577		2025684		3395
464		1568		2030064		3392
465		1574		2034455		3401
466		1575		2038820		3403
467		1575		2043178		3393
468		1601		2047547		3384
469		1576		2051930		3386
470		1593		2056291		3400
471		1581		2060649		3396
472		1572		2065013		3400
473		1569		2069393		3395
474		1564		2073787		3399
475		1552		2078166		3392
476		1584		2082509		3388
477		1583		2086908		3387
478		1590		2091298		3385
479		1583		2095705		3388
480		1583		2100108		3392
481		1590		2104521		3399
482		1574		2108936		3405
483		1556		2113284		3408
484		1570		2117664		3404
485		1562		2122054		3404
486		1569		2126430		3411
487		1567		2130801		3418
488		1566		2135199		3416
489		1535		2139602		3411
490		1548		2143977		3404
491		1549		2148354		3407
492		1558		2152723		3408
493		1557		2157111		3405
494		1550		2161490		3404
495		1536		2165883		3399
496		1535		2170269		3401
497		1535		2174662		3400
498		1548		2179054		3388
499		1542		2183438		3394
500		1540		2187832		3407
501		1526		2192208		3396
502		1539		2196612		3393
503		1539		2201021		3392
504		1527		2205419		3399
505		1520		2209809		3393
506		1516		2214193		3381
507		1495		2218536		3386
508		1521		2222945		3388
509		1517		2227368		3389
510		1539		2231785		3390
511		1523		2236181		3380
512		1539		2240532		3383
513		1520		2244904		3372
514		1537		2249278		3393
515		1545		2253633		3404
516		1528		2258004		3391
517		1531		2262397		3399
518		1526		2266766		3397
519		1529		2271121		3389
520		1525		2275495		3396
521		1524		2279873		3394
522		1519		2284264		3402
523		1508		2288649		3402
524		1510		2293027		3409
525		1514		2297398		3403
526		1501		2301784		3407
527		1506		2306131		3395
528		1500		2310529		3393
529		1509		2314930		3399
530		1521		2319297		3398
531		1529		2323685		3387
532		1531		2328070		3394
533		1534		2332459		3395
534		1541		2336829		3397
535		1560		2341207		3408
536		1563		2345591		3409
537		1551		2349976		3401
538		1555		2354381		3389
539		1546		2358754		3399
540		1557		2363132		3404
541		1549		2367541		3406
542		1552		2371935		3409
543		1536		2376342		3403
544		1519		2380739		3408
545		1520		2385143		3405
546		1509		2389531		3401
547		1525		2393893		3401
548		1521		2398250		3408
549		1524		2402646		3414
550		1518		2407051		3407
551		1507		2411428		3418
552		1498		2415798		3412
553		1494		2420142		3409
554		1485		2424513		3417
555		1496		2428895		3427
556		1498		2433313		3419
557		1527		2437670		3419
558		1523		2442067		3411
559		1521		2446432		3419
560		1502		2450805		3407
561		1493		2455176		3418
562		1472		2459562		3416
563		1478		2463973		3412
564		1463		2468368		3419
565		1468		2472762		3416
566		1477		2477136		3418
567		1473		2481517		3412
568		1468		2485884		3419
569		1471		2490251		3426
570		1457		2494623		3421
571		1462		2498997		3422
572		1475		2503403		3431
573		1464		2507766		3419
574		1466		2512171		3426
575		1471		2516533		3418
576		1492		2520924		3424
577		1485		2525320		3432
578		1480		2529714		3424
579		1471		2534107		3422
580		1500		2538516		3416
581		1490		2542884		3417
582		1484		2547281		3411
583		1481		2551668		3421
584		1497		2556046		3416
585		1501		2560443		3418
586		1500		2564834		3424
587		1480		2569201		3422
588		1464		2573591		3420
589		1463		2577975		3410
590		1489		2582354		3425
591		1481		2586736		3429
592		1488		2591133		3425
593		1485		2595536		3411
594		1478		2599946		3412
595		1496		2604355		3412
596		1487		2608763		3427
597		1469		2613152		3426
598		1468		2617524		3421
599		1475		2621919		3425
600		1472		2626321		3413
601		1477		2630709		3418
602		1469		2635066		3414
603		1459		2639463		3415
604		1486		2643838		3416
605		1473		2648232		3411
606		1464		2652626		3410
607		1475		2656994		3418
608		1468		2661377		3406
609		1456		2665773		3415
610		1476		2670145		3409
611		1453		2674535		3413
612		1466		2678930		3404
613		1458		2683328		3414
614		1474		2687704		3415
615		1466		2692075		3413
616		1462		2696486		3402
617		1464		2700897		3414
618		1454		2705284		3415
619		1455		2709661		3412
620		1457		2714076		3409
621		1428		2718454		3422
622		1416		2722841		3420
623		1428		2727241		3413
624		1411		2731617		3420
625		1415		2735989		3419
626		1404		2740372		3423
627		1390		2744726		3420
628		1396		2749095		3425
629		1412		2753459		3422
630		1405		2757843		3425
631		1416		2762213		3422
632		1424		2766591		3429
633		1406		2770932		3424
634		1404		2775320		3426
635		1395		2779663		3426
636		1417		2784020		3413
637		1381		2788416		3411
638		1390		2792799		3412
639		1371		2797174		3414
640		1379		2801552		3410
641		1379		2805906		3413
642		1381		2810294		3411
643		1381		2814710		3405
644		1377		2819098		3403
645		1385		2823482		3412
646		1395		2827869		3411
647		1408		2832248		3417
648		1392		2836601		3408
649		1389		2841000		3426
650		1395		2845381		3429
651		1410		2849787		3418
652		1416		2854153		3420
653		1407		2858550		3408
654		1418		2862963		3410
655		1424		2867334		3417
656		1410		2871723		3413
657		1407		2876116		3422
658		1387		2880502		3425
659		1383		2884903		3424
660		1386		2889287		3413
661		1402		2893667		3430
662		1383		2898049		3424
663		1378		2902441		3422
664		1364		2906804		3417
665		1380		2911201		3414
666		1385		2915626		3422
667		1360		2920042		3411
668		1379		2924405		3419
669		1395		2928772		3426
670		1402		2933166		3423
671		1429		2937571		3420
672		1438		2941962		3421
673		1428		2946359		3423
674		1399		2950774		3416
675		1392		2955180		3415
676		1382		2959583		3416
677		1410		2963989		3411
678		1404		2968372		3422
679		1412		2972766		3413
680		1398		2977175		3418
681		1403		2981577		3424
682		1402		2985977		3411
683		1393		2990371		3409
684		1401		2994766		3424
685		1405		2999176		3413
686		1405		3003576		3413
687		1389		3007952		3427
688		1392		3012342		3419
689		1376		3016730		3417
690		1389		3021132		3413
691		1396		3025516		3420
692		1386		3029903		3421
693		1386		3034286		3424
694		1374		3038659		3422
695		1389		3043024		3417
696		1397		3047413		3414
697		1402		3051842		3423
698		1390		3056237		3422
699		1395		3060618		3429
700		1385		3065023		3429
701		1392		3069391		3428
702		1407		3073773		3422
703		1402		3078147		3424
704		1418		3082526		3433
705		1406		3086901		3418
706		1414		3091302		3429
707		1395		3095704		3422
708		1354		3100072		3423
709		1374		3104458		3424
710		1380		3108818		3421
711		1382		3113183		3418
712		1391		3117589		3426
713		1382		3121984		3426
714		1376		3126362		3433
715		1375		3130740		3438
716		1366		3135137		3437
717		1368		3139542		3433
718		1369		3143905		3428
719		1379		3148293		3421
720		1371		3152696		3424
721		1366		3157103		3422
722		1394		3161509		3429
723		1375		3165906		3435
724		1368		3170295		3431
725		1370		3174658		3429
726		1367		3179053		3434
727		1356		3183440		3426
728		1353		3187827		3418
729		1374		3192213		3427
730		1361		3196592		3438
731		1363		3200968		3425
732		1371		3205345		3438
733		1374		3209747		3434
734		1376		3214129		3427
735		1361		3218500		3439
736		1358		3222902		3438
737		1355		3227303		3440
738		1366		3231668		3439
739		1395		3236055		3438
740		1392		3240418		3431
741		1395		3244789		3431
742		1397		3249147		3429
743		1410		3253539		3430
744		1393		3257944		3444
745		1382		3262335		3427
746		1375		3266738		3421
747		1387		3271109		3417
748		1400		3275499		3424
749		1367		3279919		3429
750		1384		3284297		3428
751		1378		3288668		3430
752		1363		3293065		3425
753		1373		3297438		3434
754		1372		3301831		3419
755		1370		3306210		3423
756		1348		3310607		3425
757		1360		3315011		3424
758		1361		3319398		3433
759		1359		3323801		3427
760		1370		3328165		3433
761		1368		3332540		3434
762		1352		3336930		3442
763		1373		3341325		3445
764		1356		3345711		3439
765		1370		3350118		3437
766		1366		3354498		3436
767		1361		3358902		3435
768		1362		3363337		3440
769		1360		3367756		3436
770		1350		3372170		3438
771		1349		3376563		3427
772		1344		3380925		3435
773		1345		3385294		3422
774		1348		3389674		3442
775		1354		3394079		3437
776		1367		3398482		3448
777		1366		3402870		3455
778		1337		3407262		3437
779		1343		3411651		3433
780		1342		3416074		3428
781		1325		3420465		3422
782		1316		3424845		3429
783		1342		3429229		3437
784		1346		3433633		3442
785		1337		3438039		3428
786		1355		3442415		3446
787		1334		3446815		3440
788		1350		3451214		3445
789		1365		3455620		3441
790		1371		3460005		3439
791		1380		3464396		3440
792		1370		3468800		3441
793		1362		3473221		3431
794		1367		3477620		3447
795		1372		3481991		3435
796		1376		3486432		3439
797		1365		3490850		3437
798		1356		3495230		3436
799		1356		3499679		3424
800		1356		3504075		3435
801		1361		3508462		3423
802		1365		3512826		3423
803		1366		3517201		3434
804		1375		3521603		3422
805		1377		3525983		3420
806		1355		3530378		3416
807		1346		3534747		3419
808		1350		3539137		3416
809		1357		3543560		3422
810		1347		3547946		3427
811		1337		3552320		3418
812		1336		3556707		3423
813		1343		3561082		3426
814		1328		3565467		3429
815		1330		3569859		3425
816		1355		3574225		3428
817		1357		3578629		3425
818		1363		3583023		3439
819		1367		3587388		3427
820		1374		3591763		3435
821		1354		3596172		3431
822		1359		3600594		3441
823		1355		3604977		3429
824		1383		3609370		3445
825		1360		3613773		3433
826		1355		3618177		3441
827		1352		3622552		3448
828		1368		3626904		3442
829		1381		3631308		3437
830		1369		3635702		3454
831		1361		3640080		3444
832		1356		3644497		3443
833		1377		3648931		3450
834		1373		3653376		3440
835		1387		3657785		3447
836		1383		3662187		3445
837		1391		3666596		3441
838		1377		3670991		3447
839		1360		3675425		3440
840		1348		3679820		3443
841		1369		3684230		3441
842		1364		3688621		3442
843		1360		3693031		3441
844		1363		3697421		3435
845		1346		3701808		3434
846		1343		3706200		3434
847		1350		3710559		3426
848		1368		3714958		3444
849		1337		3719370		3432
850		1321		3723740		3437
851		1332		3728138		3429
852		1347		3732505		3425
853		1324		3736886		3428
854		1317		3741251		3421
855		1321		3745621		3421
856		1314		3750033		3431
857		1324		3754464		3423
858		1312		3758876		3440
859		1325		3763257		3442
860		1320		3767630		3428
861		1308		3772027		3431
862		1322		3776429		3430
863		1325		3780831		3431
864		1324		3785209		3425
865		1339		3789580		3429
866		1320		3793953		3427
867		1320		3798349		3429
868		1312		3802797		3436
869		1305		3807192		3432
870		1312		3811583		3426
871		1300		3815967		3436
872		1306		3820381		3436
873		1315		3824836		3439
874		1310		3829243		3449
875		1305		3833616		3442
876		1309		3838033		3439
877		1323		3842414		3444
878		1305		3846799		3440
879		1307		3851156		3432
880		1304		3855548		3436
881		1321		3859941		3441
882		1309		3864334		3430
883		1302		3868730		3431
884		1316		3873136		3435
885		1312		3877514		3444
886		1319		3881920		3435
887		1329		3886323		3450
888		1337		3890715		3438
889		1330		3895101		3438
890		1341		3899496		3437
891		1344		3903877		3437
892		1346		3908274		3435
893		1351		3912658		3432
894		1346		3917041		3432
895		1336		3921455		3433
896		1352		3925828		3433
897		1336		3930210		3422
898		1340		3934599		3429
899		1335		3938999		3425
900		1331		3943404		3433
901		1325		3947799		3425
902		1320		3952155		3431
903		1332		3956558		3443
904		1320		3960950		3438
905		1337		3965369		3438
906		1307		3969750		3447
907		1301		3974129		3437
908		1284		3978537		3441
909		1282		3982895		3437
910		1287		3987298		3424
911		1284		3991699		3430
912		1300		3996078		3427
913		1315		4000500		3426
914		1312		4004867		3431
915		1295		4009252		3439
916		1277		4013629		3440
917		1280		4017985		3430
918		1277		4022403		3441
919		1285		4026814		3435
920		1283		4031209		3434
921		1275		4035627		3431
922		1276		4040014		3433
923		1282		4044406		3424
924		1299		4048807		3432
925		1303		4053189		3432
926		1295		4057587		3432
927		1287		4061979		3427
928		1290		4066381		3424
929		1292		4070773		3437
930		1287		4075170		3432
931		1303		4079566		3440
932		1295		4083957		3424
933		1283		4088335		3427
934		1279		4092713		3426
935		1296		4097107		3426
936		1274		4101495		3431
937		1291		4105879		3422
938		1286		4110277		3431
939		1270		4114646		3427
940		1270		4119036		3433
941		1283		4123415		3439
942		1300		4127823		3431
943		1297		4132224		3429
944		1281		4136600		3432
945		1285		4141007		3423
946		1298		4145415		3439
947		1296		4149808		3433
948		1279		4154221		3437
949		1285		4158615		3439
950		1281		4162980		3444
951		1284		4167367		3437
952		1277		4171740		3421
953		1290		4176114		3434
954		1281		4180476		3439
955		1279		4184872		3427
956		1261		4189277		3434
957		1262		4193654		3435
958		1270		4198026		3415
959		1270		4202419		3426
960		1297		4206792		3424
961		1284		4211201		3420
962		1275		4215597		3417
963		1281		4219953		3412
964		1271		4224333		3425
965		1249		4228739		3429
966		1255		4233114		3442
967		1258		4237465		3427
968		1238		4241848		3430
969		1242		4246231		3436
970		1239		4250623		3436
971		1243		4255016		3439
972		1251		4259409		3430
973		1262		4263773		3429
974		1255		4268132		3426
975		1248		4272517		3437
976		1245		4276916		3428
977		1230		4281290		3425
978		1239		4285658		3423
979		1247		4290059		3430
980		1252		4294428		3424
981		1257		4298827		3425
982		1257		4303233		3422
983		1255		4307610		3425
984		1265		4312035		3430
985		1264		4316402		3429
986		1272		4320827		3428
987		1287		4325217		3425
988		1272		4329589		3422
989		1274		4334019		3426
990		1273		4338423		3416
991		1267		4342801		3421
992		1267		4347200		3427
993		1251		4351563		3430
994		1247		4355958		3424
995		1235		4360363		3424
996		1243		4364764		3414
997		1229		4369182		3423
998		1233		4373575		3419
999		1223		4377962		3424
