# Migration is number of nodes that have changed color.

Round		Edge-Cut		Swaps		Migrations		Skipped
0		4452		2393		1292
1		3892		4786		1297
2		3725		7178		1342
3		3648		9572		1378
4		3591		11965		1351
5		3572		14357		1372
6		3532		16750		1392
7		3489		19140		1413
8		3493		21532		1394
9		3477		23925		1432
10		3447		26316		1426
11		3425		28706		1412
12		3430		31100		1456
13		3401		33493		1467
14		3369		35885		1425
15		3355		38278		1473
16		3326		40672		1466
17		3298		43064		1463
18		3284		45456		1498
19		3264		47849		1469
20		3252		50242		1467
21		3235		52635		1489
22		3233		55028		1485
23		3216		57421		1477
24		3201		59812		1481
25		3180		62205		1510
26		3178		64597		1500
27		3179		66991		1533
28		3181		69385		1520
29		3164		71777		1491
30		3145		74170		1519
31		3133		76560		1526
32		3129		78955		1501
33		3116		81349		1528
34		3099		83743		1538
35		3107		86136		1541
36		3108		88528		1531
37		3104		90918		1527
38		3073		93308		1529
39		3086		95699		1536
40		3102		98093		1555
41		3084		100486		1523
42		3095		102879		1531
43		3064		105274		1536
44		3090		107664		1526
45		3076		110056		1544
46		3063		112449		1544
47		3072		114843		1534
48		3045		117237		1564
49		3035		119627		1534
50		3031		122021		1538
51		3015		124416		1553
52		3020		126808		1568
53		3008		129202		1544
54		3006		131593		1562
55		2990		133986		1562
56		2987		136379		1547
57		2998		138773		1568
58		2998		141166		1553
59		2992		143559		1534
60		2998		145954		1558
61		2994		148348		1566
62		2983		150741		1544
63		2982		153133		1575
64		2968		155523		1561
65		2968		157914		1553
66		2958		160305		1562
67		2955		162700		1563
68		2934		165092		1555
69		2958		167486		1553
70		2948		169881		1568
71		2935		172275		1569
72		2914		174670		1580
73		2917		177062		1584
74		2889		179456		1554
75		2903		181846		1578
76		2900		184239		1576
77		2905		186632		1571
78		2890		189026		1579
79		2897		191420		1582
80		2892		193811		1572
81		2893		196204		1580
82		2905		198596		1589
83		2896		200991		1571
84		2896		203382		1590
85		2892		205775		1589
86		2885		208166		1569
87		2892		210561		1592
88		2892		212954		1586
89		2888		215345		1566
90		2887		217739		1596
91		2878		220132		1602
92		2878		222526		1583
93		2879		224919		1593
94		2873		227312		1580
95		2875		229705		1573
96		2873		232099		1575
97		2870		234493		1580
98		2852		236888		1581
99		2867		239282		1585
100		2868		241677		1599
101		2847		244069		1571
102		2854		246461		1595
103		2850		248852		1595
104		2851		251246		1583
105		2840		253637		1603
106		2844		256031		1589
107		2839		258422		1576
108		2837		260816		1581
109		2835		263211		1580
110		2830		265605		1583
111		2833		267997		1587
112		2832		270388		1583
113		2828		272780		1592
114		2841		275175		1589
115		2826		277565		1586
116		2820		279957		1572
117		2818		282352		1589
118		2809		284746		1606
119		2812		287141		1590
120		2809		289531		1604
121		2818		291925		1595
122		2815		294315		1589
123		2818		296709		1589
124		2824		299103		1595
125		2812		301496		1579
126		2808		303889		1589
127		2825		306284		1605
128		2818		308679		1583
129		2827		311070		1580
130		2827		313464		1595
131		2813		315857		1567
132		2802		318250		1590
133		2806		320643		1589
134		2815		323036		1582
135		2802		325429		1596
136		2795		327820		1592
137		2804		330211		1579
138		2793		332604		1599
139		2802		334996		1581
140		2790		337390		1591
141		2785		339783		1596
142		2811		342177		1598
143		2775		344569		1578
144		2785		346963		1584
145		2782		349356		1593
146		2776		351750		1578
147		2785		354144		1602
148		2756		356538		1587
149		2774		358931		1576
150		2764		361323		1608
151		2779		363716		1599
152		2770		366109		1590
153		2774		368503		1597
154		2779		370897		1594
155		2770		373290		1591
156		2768		375684		1603
157		2776		378074		1616
158		2769		380468		1582
159		2783		382862		1604
160		2767		385254		1610
161		2758		387648		1600
162		2774		390042		1616
163		2769		392436		1603
164		2772		394831		1594
165		2764		397221		1602
166		2768		399614		1600
167		2760		402007		1601
168		2749		404400		1599
169		2767		406793		1602
170		2750		409187		1599
171		2753		411581		1601
172		2766		413972		1606
173		2740		416365		1585
174		2777		418756		1606
175		2755		421150		1598
176		2755		423542		1584
177		2774		425935		1606
178		2751		428329		1577
179		2779		430721		1582
180		2766		433114		1599
181		2749		435507		1594
182		2763		437902		1590
183		2749		440296		1574
184		2771		442687		1589
185		2755		445080		1579
186		2751		447475		1594
187		2761		449868		1599
188		2745		452260		1578
189		2764		454653		1595
190		2750		457045		1608
191		2733		459438		1573
192		2759		461832		1611
193		2733		464225		1585
194		2740		466619		1595
195		2731		469012		1598
196		2734		471403		1602
197		2735		473797		1590
198		2734		476190		1596
199		2745		478583		1597
200		2730		480977		1595
201		2727		483371		1601
202		2736		485766		1612
203		2719		488160		1589
204		2722		490552		1612
205		2728		492946		1608
206		2725		495339		1596
207		2729		497731		1612
208		2722		500124		1614
209		2729		502518		1594
210		2724		504911		1612
211		2715		507303		1603
212		2730		509697		1595
213		2713		512091		1597
214		2719		514483		1600
215		2714		516876		1592
216		2715		519269		1609
217		2724		521663		1606
218		2704		524057		1582
219		2715		526450		1606
220		2713		528842		1610
221		2705		531236		1589
222		2710		533626		1618
223		2699		536016		1586
224		2716		538408		1597
225		2696		540800		1600
226		2704		543190		1602
227		2703		545583		1603
228		2691		547977		1605
229		2694		550371		1612
230		2698		552764		1597
231		2690		555157		1609
232		2711		557546		1617
233		2689		559940		1595
234		2703		562331		1611
235		2689		564722		1615
236		2691		567114		1602
237		2699		569509		1624
238		2683		571904		1603
239		2698		574298		1609
240		2686		576690		1620
241		2697		579081		1617
242		2699		581473		1619
243		2681		583865		1602
244		2696		586259		1622
245		2683		588651		1599
246		2684		591043		1608
247		2704		593438		1616
248		2678		595830		1600
249		2692		598224		1619
250		2685		600616		1615
251		2686		603009		1601
252		2687		605401		1622
253		2669		607793		1605
254		2687		610187		1612
255		2677		612580		1616
256		2671		614972		1610
257		2675		617366		1610
258		2660		619759		1607
259		2683		622152		1617
260		2668		624543		1602
261		2671		626938		1615
262		2685		629330		1616
263		2667		631723		1601
264		2685		634116		1616
265		2669		636507		1607
266		2668		638898		1607
267		2670		641292		1623
268		2661		643685		1600
269		2675		646077		1596
270		2663		648469		1616
271		2659		650860		1606
272		2672		653251		1610
273		2661		655642		1602
274		2678		658032		1609
275		2669		660427		1599
276		2664		662819		1614
277		2672		665212		1611
278		2658		667604		1597
279		2676		669997		1611
280		2660		672392		1608
281		2663		674785		1594
282		2677		677180		1608
283		2656		679573		1591
284		2679		681964		1604
285		2671		684356		1606
286		2665		686749		1607
287		2673		689142		1606
288		2650		691536		1602
289		2660		693929		1609
290		2660		696321		1606
291		2652		698712		1614
292		2670		701102		1621
293		2642		703495		1595
294		2656		705888		1615
295		2643		708278		1614
296		2649		710671		1609
297		2653		713065		1625
298		2642		715459		1620
299		2654		717852		1615
300		2642		720245		1623
301		2648		722636		1616
302		2655		725030		1614
303		2640		727424		1604
304		2653		729818		1624
305		2638		732210		1605
306		2638		734604		1620
307		2652		736998		1628
308		2637		739389		1612
309		2652		741780		1618
310		2634		744174		1617
311		2641		746569		1608
312		2643		748963		1628
313		2629		751356		1617
314		2648		753749		1612
315		2629		756143		1620
316		2634		758534		1615
317		2626		760928		1619
318		2620		763322		1612
319		2631		765715		1624
320		2622		768108		1608
321		2632		770502		1619
322		2633		772893		1631
323		2616		775285		1599
324		2627		777679		1615
325		2613		780073		1622
326		2629		782467		1605
327		2626		784862		1628
328		2622		787256		1621
329		2630		789646		1620
330		2627		792037		1623
331		2619		794430		1625
332		2625		796824		1614
333		2618		799215		1611
334		2632		801608		1622
335		2615		804002		1612
336		2619		806394		1619
337		2614		808787		1625
338		2610		811179		1598
339		2629		813572		1622
340		2615		815966		1619
341		2621		818359		1615
342		2621		820751		1628
343		2608		823144		1617
344		2623		825535		1618
345		2616		827924		1617
346		2619		830316		1617
347		2619		832709		1615
348		2607		835101		1617
349		2616		837494		1622
350		2611		839885		1607
351		2613		842277		1613
352		2618		844671		1624
353		2608		847063		1595
354		2618		849454		1620
355		2603		851843		1616
356		2614		854235		1604
357		2617		856630		1621
358		2608		859024		1605
359		2613		861416		1609
360		2610		863808		1616
361		2607		866201		1617
362		2608		868595		1622
363		2598		870988		1603
364		2611		873381		1620
365		2604		875774		1608
366		2610		878169		1624
367		2607		880562		1631
368		2596		882955		1603
369		2612		885350		1629
370		2610		887744		1632
371		2596		890137		1608
372		2608		892531		1625
373		2589		894923		1608
374		2604		897316		1618
375		2602		899709		1622
376		2603		902101		1621
377		2601		904492		1621
378		2599		906885		1611
379		2589		909277		1619
380		2591		911671		1606
381		2593		914062		1617
382		2590		916456		1628
383		2577		918844		1609
384		2587		921234		1627
385		2587		923625		1621
386		2583		926017		1611
387		2585		928410		1629
388		2583		930804		1610
389		2592		933196		1616
390		2579		935587		1619
391		2579		937982		1623
392		2577		940374		1623
393		2585		942768		1615
394		2585		945162		1633
395		2579		947557		1612
396		2581		949949		1623
397		2583		952343		1635
398		2579		954737		1614
399		2570		957130		1637
400		2578		959523		1627
401		2578		961915		1619
402		2582		964307		1632
403		2570		966699		1623
404		2580		969093		1627
405		2576		971488		1624
406		2577		973881		1626
407		2582		976273		1633
408		2571		978666		1617
409		2578		981058		1636
410		2578		983453		1613
411		2585		985845		1624
412		2582		988238		1637
413		2576		990633		1613
414		2579		993025		1629
415		2577		995420		1625
416		2574		997814		1621
417		2584		1000208		1647
418		2577		1002603		1622
419		2580		1004998		1626
420		2578		1007390		1633
421		2586		1009784		1633
422		2588		1012177		1631
423		2582		1014569		1615
424		2570		1016964		1634
425		2574		1019358		1617
426		2571		1021752		1624
427		2569		1024144		1632
428		2575		1026538		1600
429		2573		1028929		1624
430		2577		1031322		1628
431		2571		1033715		1614
432		2589		1036107		1633
433		2572		1038500		1614
434		2571		1040892		1629
435		2577		1043287		1621
436		2563		1045679		1629
437		2576		1048073		1632
438		2569		1050468		1618
439		2561		1052861		1628
440		2575		1055255		1623
441		2578		1057649		1623
442		2570		1060043		1631
443		2558		1062438		1606
444		2566		1064832		1635
445		2561		1067226		1636
446		2551		1069619		1620
447		2562		1072014		1633
448		2549		1074404		1626
449		2549		1076798		1637
450		2551		1079192		1634
451		2546		1081586		1631
452		2552		1083980		1641
453		2553		1086375		1627
454		2559		1088767		1643
455		2564		1091162		1628
456		2559		1093555		1625
457		2565		1095949		1640
458		2555		1098342		1618
459		2560		1100732		1640
460		2554		1103126		1636
461		2556		1105520		1634
462		2563		1107911		1641
463		2550		1110306		1633
464		2562		1112699		1635
465		2564		1115093		1640
466		2561		1117486		1639
467		2564		1119881		1644
468		2563		1122274		1626
469		2551		1124667		1642
470		2565		1127062		1635
471		2567		1129457		1641
472		2563		1131851		1644
473		2563		1134245		1628
474		2565		1136636		1650
475		2563		1139029		1639
476		2564		1141422		1630
477		2565		1143816		1643
478		2562		1146208		1630
479		2558		1148598		1637
480		2555		1150991		1635
481		2563		1153385		1631
482		2563		1155779		1632
483		2559		1158170		1628
484		2565		1160562		1640
485		2563		1162956		1620
486		2558		1165346		1633
487		2566		1167738		1648
488		2564		1170131		1624
489		2568		1172524		1645
490		2569		1174917		1639
491		2571		1177311		1623
492		2576		1179703		1642
493		2568		1182093		1628
494		2574		1184486		1639
495		2564		1186880		1646
496		2562		1189272		1644
497		2568		1191666		1642
498		2565		1194060		1634
499		2565		1196453		1647
500		2560		1198846		1641
501		2571		1201237		1635
502		2564		1203627		1652
503		2565		1206021		1615
504		2561		1208415		1642
505		2563		1210807		1630
506		2565		1213200		1623
507		2564		1215593		1640
508		2564		1217986		1633
509		2568		1220380		1639
510		2559		1222774		1631
511		2565		1225166		1634
512		2557		1227560		1632
513		2557		1229955		1630
514		2565		1232348		1642
515		2558		1234742		1627
516		2561		1237136		1634
517		2563		1239531		1646
518		2557		1241925		1616
519		2557		1244320		1646
520		2552		1246713		1639
521		2562		1249104		1627
522		2559		1251497		1644
523		2561		1253890		1633
524		2558		1256283		1636
525		2556		1258677		1638
526		2562		1261071		1637
527		2559		1263462		1636
528		2557		1265857		1631
529		2554		1268250		1643
530		2554		1270640		1637
531		2556		1273032		1640
532		2558		1275427		1644
533		2561		1277821		1620
534		2555		1280216		1649
535		2551		1282610		1637
536		2553		1285000		1626
537		2557		1287393		1649
538		2553		1289785		1632
539		2563		1292178		1634
540		2550		1294566		1634
541		2563		1296961		1637
542		2569		1299356		1640
543		2550		1301749		1638
544		2553		1304143		1645
545		2550		1306538		1629
546		2554		1308931		1635
547		2559		1311325		1644
548		2559		1313717		1626
549		2557		1316111		1644
550		2554		1318503		1647
551		2551		1320897		1624
552		2550		1323286		1643
553		2548		1325681		1633
554		2538		1328072		1635
555		2537		1330463		1638
556		2540		1332855		1631
557		2535		1335250		1640
558		2537		1337642		1628
559		2540		1340033		1645
560		2536		1342425		1632
561		2540		1344815		1637
562		2534		1347208		1642
563		2536		1349601		1626
564		2530		1351993		1642
565		2533		1354384		1637
566		2534		1356778		1627
567		2530		1359172		1645
568		2529		1361565		1628
569		2529		1363958		1633
570		2527		1366351		1643
571		2531		1368746		1635
572		2538		1371140		1636
573		2527		1373533		1637
574		2532		1375926		1650
575		2538		1378317		1631
576		2537		1380708		1627
577		2538		1383102		1644
578		2541		1385495		1627
579		2536		1387890		1640
580		2537		1390284		1640
581		2530		1392677		1627
582		2533		1395070		1639
583		2531		1397462		1633
584		2531		1399857		1636
585		2529		1402249		1644
586		2535		1404643		1633
587		2533		1407035		1639
588		2528		1409430		1629
589		2532		1411823		1639
590		2527		1414217		1634
591		2531		1416610		1628
592		2538		1419005		1640
593		2529		1421397		1618
594		2529		1423788		1644
595		2525		1426180		1636
596		2534		1428573		1620
597		2527		1430966		1643
598		2532		1433360		1623
599		2531		1435754		1631
600		2526		1438147		1633
601		2533		1440540		1630
602		2528		1442935		1628
603		2523		1445328		1629
604		2524		1447722		1637
605		2522		1450115		1622
606		2516		1452507		1627
607		2519		1454900		1635
608		2519		1457292		1616
609		2512		1459685		1637
610		2524		1462077		1643
611		2529		1464471		1622
612		2521		1466862		1638
613		2529		1469254		1623
614		2524		1471645		1637
615		2533		1474036		1634
616		2528		1476430		1637
617		2531		1478823		1631
618		2524		1481215		1626
619		2534		1483610		1642
620		2536		1486003		1636
621		2531		1488395		1640
622		2536		1490787		1650
623		2535		1493181		1622
624		2526		1495574		1645
625		2537		1497967		1639
626		2532		1500360		1627
627		2536		1502752		1643
628		2537		1505146		1630
629		2532		1507540		1630
630		2531		1509934		1641
631		2534		1512328		1636
632		2538		1514721		1629
633		2538		1517113		1631
634		2542		1519506		1641
635		2540		1521899		1628
636		2534		1524294		1632
637		2548		1526687		1643
638		2537		1529082		1613
639		2536		1531475		1637
640		2543		1533866		1634
641		2545		1536260		1621
642		2543		1538655		1641
643		2550		1541048		1636
644		2542		1543440		1628
645		2543		1545831		1632
646		2539		1548224		1636
647		2545		1550619		1639
648		2532		1553012		1632
649		2551		1555404		1637
650		2542		1557797		1628
651		2537		1560191		1638
652		2533		1562585		1647
653		2539		1564978		1628
654		2532		1567372		1643
655		2543		1569766		1640
656		2535		1572161		1629
657		2535		1574552		1643
658		2541		1576945		1628
659		2538		1579337		1634
660		2534		1581731		1639
661		2538		1584125		1636
662		2536		1586519		1630
663		2530		1588913		1633
664		2539		1591307		1635
665		2534		1593700		1624
666		2539		1596092		1630
667		2530		1598486		1634
668		2532		1600877		1620
669		2525		1603268		1637
670		2536		1605659		1642
671		2523		1608054		1618
672		2525		1610449		1633
673		2534		1612842		1626
674		2525		1615235		1624
675		2521		1617629		1627
676		2522		1620022		1633
677		2527		1622417		1627
678		2522		1624810		1622
679		2533		1627201		1635
680		2524		1629593		1625
681		2523		1631985		1629
682		2516		1634378		1635
683		2520		1636771		1615
684		2524		1639165		1630
685		2518		1641558		1627
686		2525		1643950		1615
687		2526		1646344		1634
688		2521		1648738		1627
689		2520		1651127		1628
690		2518		1653518		1637
691		2516		1655912		1631
692		2522		1658307		1631
693		2512		1660701		1632
694		2528		1663095		1635
695		2525		1665490		1636
696		2517		1667884		1633
697		2519		1670278		1638
698		2516		1672672		1619
699		2517		1675066		1645
700		2514		1677460		1639
701		2516		1679853		1631
702		2518		1682248		1646
703		2516		1684641		1639
704		2520		1687033		1635
705		2509		1689428		1648
706		2511		1691821		1637
707		2521		1694214		1640
708		2511		1696608		1637
709		2519		1698999		1654
710		2518		1701394		1636
711		2510		1703788		1642
712		2518		1706180		1645
713		2511		1708573		1630
714		2509		1710966		1648
715		2512		1713360		1648
716		2517		1715752		1632
717		2513		1718145		1654
718		2507		1720539		1640
719		2516		1722931		1644
720		2505		1725326		1645
721		2510		1727717		1637
722		2508		1730109		1639
723		2500		1732503		1642
724		2514		1734898		1649
725		2505		1737293		1645
726		2506		1739686		1646
727		2505		1742080		1650
728		2510		1744475		1635
729		2509		1746869		1652
730		2506		1749263		1644
731		2504		1751658		1631
732		2502		1754051		1658
733		2501		1756444		1645
734		2506		1758836		1644
735		2505		1761229		1658
736		2512		1763624		1644
737		2521		1766017		1645
738		2508		1768411		1650
739		2515		1770803		1649
740		2516		1773197		1644
741		2513		1775589		1654
742		2516		1777983		1651
743		2509		1780373		1624
744		2509		1782766		1650
745		2506		1785161		1653
746		2510		1787556		1637
747		2520		1789948		1653
748		2516		1792343		1647
749		2517		1794738		1647
750		2505		1797131		1654
751		2510		1799523		1643
752		2513		1801915		1643
753		2502		1804309		1645
754		2511		1806702		1655
755		2497		1809096		1645
756		2505		1811489		1646
757		2506		1813883		1658
758		2503		1816275		1639
759		2507		1818665		1662
760		2500		1821057		1651
761		2502		1823452		1639
762		2505		1825845		1651
763		2497		1828238		1645
764		2503		1830632		1643
765		2502		1833025		1650
766		2494		1835420		1631
767		2503		1837814		1645
768		2495		1840208		1642
769		2506		1842601		1643
770		2508		1844996		1649
771		2495		1847390		1634
772		2499		1849782		1651
773		2491		1852176		1639
774		2508		1854568		1646
775		2501		1856963		1658
776		2497		1859357		1641
777		2484		1861749		1649
778		2488		1864141		1638
779		2494		1866536		1649
780		2484		1868930		1645
781		2490		1871324		1643
782		2500		1873714		1643
783		2484		1876107		1646
784		2489		1878501		1646
785		2490		1880894		1650
786		2489		1883288		1640
787		2488		1885683		1655
788		2492		1888074		1641
789		2479		1890465		1655
790		2491		1892857		1646
791		2490		1895251		1642
792		2487		1897645		1649
793		2497		1900038		1645
794		2486		1902432		1650
795		2481		1904826		1649
796		2486		1907218		1638
797		2488		1909612		1655
798		2489		1912006		1642
799		2489		1914400		1656
800		2499		1916791		1647
801		2489		1919184		1650
802		2492		1921575		1654
803		2492		1923967		1640
804		2494		1926362		1651
805		2494		1928757		1652
806		2485		1931150		1635
807		2482		1933544		1662
808		2481		1935937		1644
809		2484		1938331		1655
810		2486		1940723		1654
811		2483		1943116		1650
812		2489		1945509		1652
813		2485		1947901		1653
814		2489		1950294		1656
815		2488		1952688		1652
816		2480		1955079		1644
817		2480		1957472		1657
818		2484		1959867		1643
819		2479		1962261		1656
820		2476		1964655		1657
821		2476		1967049		1652
822		2473		1969442		1660
823		2477		1971835		1651
824		2477		1974225		1652
825		2473		1976617		1659
826		2481		1979010		1648
827		2477		1981404		1659
828		2472		1983799		1651
829		2478		1986191		1665
830		2472		1988585		1655
831		2472		1990980		1658
832		2474		1993371		1662
833		2475		1995766		1652
834		2472		1998161		1655
835		2471		2000551		1661
836		2477		2002944		1647
837		2469		2005336		1666
838		2470		2007730		1654
839		2478		2010122		1662
840		2471		2012516		1662
841		2475		2014906		1655
842		2477		2017301		1660
843		2465		2019694		1649
844		2474		2022084		1656
845		2472		2024476		1653
846		2470		2026870		1651
847		2483		2029264		1666
848		2473		2031656		1649
849		2473		2034049		1667
850		2469		2036442		1662
851		2472		2038836		1643
852		2469		2041230		1660
853		2474		2043624		1647
854		2470		2046018		1655
855		2465		2048412		1651
856		2476		2050803		1648
857		2471		2053198		1657
858		2471		2055590		1648
859		2467		2057983		1659
860		2466		2060377		1648
861		2466		2062768		1648
862		2476		2065163		1658
863		2471		2067556		1648
864		2471		2069948		1658
865		2469		2072341		1661
866		2471		2074734		1639
867		2471		2077127		1659
868		2471		2079521		1650
869		2473		2081915		1651
870		2465		2084309		1648
871		2474		2086703		1648
872		2475		2089097		1649
873		2466		2091490		1648
874		2475		2093885		1654
875		2467		2096280		1644
876		2472		2098674		1646
877		2471		2101068		1657
878		2471		2103462		1640
879		2466		2105857		1655
880		2471		2108250		1648
881		2483		2110645		1632
882		2473		2113038		1652
883		2471		2115432		1635
884		2479		2117825		1647
885		2466		2120219		1652
886		2472		2122613		1643
887		2476		2125007		1646
888		2475		2127401		1643
889		2487		2129794		1651
890		2484		2132188		1646
891		2484		2134581		1633
892		2481		2136974		1653
893		2481		2139369		1633
894		2478		2141762		1650
895		2463		2144156		1646
896		2481		2146550		1631
897		2474		2148945		1657
898		2469		2151339		1642
899		2471		2153734		1653
900		2468		2156126		1650
901		2469		2158520		1640
902		2474		2160915		1648
903		2463		2163308		1641
904		2466		2165702		1654
905		2463		2168097		1645
906		2467		2170489		1638
907		2467		2172881		1664
908		2466		2175274		1639
909		2464		2177665		1659
910		2461		2180060		1653
911		2471		2182452		1644
912		2471		2184847		1659
913		2460		2187241		1650
914		2468		2189635		1656
915		2465		2192028		1659
916		2469		2194421		1650
917		2467		2196816		1651
918		2457		2199210		1650
919		2464		2201605		1651
920		2462		2204000		1646
921		2458		2206394		1649
922		2463		2208788		1654
923		2464		2211178		1644
924		2471		2213572		1658
925		2474		2215965		1659
926		2465		2218358		1648
927		2471		2220749		1660
928		2460		2223144		1644
929		2463		2225539		1657
930		2457		2227933		1651
931		2469		2230326		1647
932		2469		2232719		1650
933		2460		2235110		1641
934		2472		2237504		1656
935		2458		2239898		1648
936		2470		2242293		1650
937		2469		2244688		1661
938		2466		2247081		1653
939		2469		2249474		1656
940		2461		2251866		1649
941		2473		2254257		1645
942		2472		2256651		1664
943		2467		2259045		1652
944		2467		2261437		1644
945		2468		2263831		1654
946		2475		2266226		1654
947		2476		2268619		1658
948		2465		2271013		1647
949		2474		2273406		1659
950		2464		2275796		1654
951		2469		2278188		1656
952		2466		2280580		1662
953		2460		2282974		1647
954		2472		2285369		1665
955		2465		2287764		1658
956		2470		2290158		1651
957		2468		2292552		1658
958		2461		2294945		1653
959		2465		2297337		1653
960		2463		2299730		1655
961		2473		2302124		1652
962		2471		2304519		1662
963		2467		2306912		1659
964		2474		2309305		1659
965		2462		2311697		1652
966		2462		2314090		1653
967		2465		2316484		1663
968		2460		2318878		1646
969		2464		2321273		1659
970		2457		2323665		1659
971		2470		2326058		1653
972		2470		2328452		1669
973		2465		2330847		1654
974		2464		2333241		1652
975		2458		2335636		1657
976		2464		2338029		1653
977		2468		2340421		1656
978		2463		2342814		1657
979		2470		2345207		1661
980		2466		2347602		1658
981		2464		2349994		1659
982		2465		2352387		1662
983		2458		2354780		1651
984		2463		2357171		1664
985		2449		2359563		1660
986		2462		2361957		1651
987		2461		2364350		1668
988		2457		2366744		1657
989		2461		2369137		1655
990		2453		2371529		1661
991		2454		2373921		1660
992		2453		2376314		1662
993		2451		2378709		1661
994		2451		2381104		1662
995		2450		2383499		1661
996		2451		2385890		1661
997		2459		2388285		1666
998		2455		2390678		1656
999		2452		2393070		1666
