# Migration is number of nodes that have changed color.

Round		Edge-Cut		Swaps		Migrations		Skipped
0		494972		63530		37936
1		395475		126968		41930
2		330428		190382		43769
3		289813		253743		44539
4		263566		317136		45194
5		244985		380499		45511
6		232327		443853		45878
7		222243		507182		46064
8		214378		570497		46293
9		208456		633809		46389
10		203551		697095		46461
11		199657		760397		46471
12		196667		823687		46687
13		194000		886992		46758
14		191644		950295		46871
15		189608		1013588		46859
16		187856		1076854		46977
17		186328		1140155		46996
18		185083		1203409		46970
19		183467		1266748		47020
20		182237		1330039		47124
21		181336		1393334		47100
22		180190		1456597		47167
23		179032		1519895		47105
24		177577		1583181		47204
25		176035		1646443		47233
26		174705		1709688		47192
27		172454		1772983		47199
28		169379		1836224		47213
29		166357		1899482		47237
30		164316		1962771		47274
31		163123		2026025		47234
32		162186		2089243		47256
33		161460		2152520		47270
34		160624		2215828		47284
35		159709		2279060		47243
36		159242		2342293		47326
37		158577		2405533		47323
38		157938		2468812		47357
39		157324		2532098		47360
40		156502		2595346		47352
41		155833		2658591		47385
42		155174		2721803		47405
43		154702		2785086		47413
44		154265		2848348		47408
45		153810		2911628		47413
46		153274		2974879		47416
47		152541		3038128		47430
48		151769		3101400		47420
49		151121		3164609		47399
50		150707		3227862		47432
51		150382		3291126		47394
52		150084		3354383		47403
53		149839		3417643		47408
54		149689		3480884		47461
55		149509		3544130		47459
56		149385		3607345		47470
57		149193		3670595		47468
58		149054		3733838		47414
59		148835		3797043		47410
60		148713		3860276		47429
61		148615		3923537		47454
62		148542		3986800		47432
63		148351		4050006		47456
64		148271		4113226		47457
65		148155		4176467		47438
66		148039		4239667		47450
67		147999		4302878		47439
68		147831		4366093		47458
69		147651		4429331		47427
70		147535		4492569		47446
71		147360		4555781		47429
72		147379		4619005		47461
73		147254		4682250		47464
74		147148		4745449		47430
75		147052		4808693		47432
76		146884		4871905		47459
77		146801		4935103		47452
78		146711		4998318		47477
79		146630		5061554		47491
80		146537		5124771		47501
81		146522		5187952		47516
82		146428		5251156		47491
83		146420		5314393		47485
84		146339		5377606		47508
85		146245		5440829		47540
86		146242		5504067		47530
87		146216		5567331		47506
88		146109		5630543		47498
89		146055		5693761		47480
90		146001		5757000		47487
91		145963		5820215		47489
92		145874		5883466		47494
93		145830		5946704		47481
94		145846		6009915		47458
95		145818		6073153		47482
96		145802		6136338		47457
97		145726		6199569		47481
98		145713		6262809		47455
99		145716		6326004		47484
100		145661		6389170		47487
101		145601		6452389		47475
102		145567		6515546		47433
103		145563		6578759		47430
104		145490		6641980		47455
105		145464		6705234		47453
106		145411		6768475		47480
107		145331		6831699		47490
108		145296		6894919		47497
109		145240		6958183		47504
110		145192		7021412		47485
111		145105		7084615		47516
112		145089		7147836		47496
113		145073		7211033		47506
114		145066		7274198		47486
115		145055		7337379		47514
116		145037		7400576		47524
117		144954		7463772		47529
118		144903		7526988		47503
119		144906		7590200		47520
120		144832		7653397		47516
121		144823		7716602		47516
122		144789		7779785		47486
123		144767		7842973		47481
124		144706		7906177		47449
125		144647		7969399		47435
126		144652		8032598		47441
127		144634		8095803		47437
128		144589		8159011		47432
129		144549		8222257		47436
130		144514		8285466		47439
131		144495		8348661		47458
132		144486		8411837		47442
133		144413		8475038		47448
134		144396		8538235		47436
135		144374		8601408		47469
136		144326		8664608		47467
137		144312		8727841		47483
138		144252		8791033		47492
139		144262		8854219		47479
140		144226		8917434		47476
141		144251		8980648		47480
142		144206		9043848		47486
143		144212		9107041		47509
144		144171		9170195		47490
145		144124		9233397		47515
146		144092		9296584		47516
147		144077		9359771		47527
148		144061		9422975		47519
149		144032		9486180		47513
150		144018		9549376		47539
151		143982		9612576		47523
152		143943		9675747		47508
153		143903		9738928		47526
154		143860		9802116		47528
155		143862		9865291		47520
156		143805		9928455		47522
157		143774		9991584		47507
158		143740		10054760		47517
159		143693		10117923		47531
160		143666		10181093		47491
161		143593		10244269		47497
162		143580		10307441		47496
163		143559		10370669		47512
164		143512		10433840		47518
165		143503		10496998		47556
166		143436		10560140		47559
167		143426		10623293		47549
168		143408		10686454		47548
169		143389		10749621		47531
170		143305		10812793		47528
171		143300		10875969		47526
172		143300		10939158		47536
173		143302		11002310		47530
174		143295		11065473		47555
175		143232		11128647		47565
176		143236		11191791		47575
177		143184		11254922		47557
178		143201		11318103		47553
179		143197		11381273		47565
180		143164		11444419		47581
181		143129		11507600		47590
182		143056		11570778		47604
183		143046		11633947		47592
184		143045		11697131		47577
185		142992		11760310		47550
186		142959		11823509		47537
187		142950		11886651		47537
188		142960		11949850		47535
189		142988		12013012		47522
190		142999		12076161		47511
191		143011		12139316		47523
192		142997		12202464		47521
193		142935		12265587		47511
194		142939		12328768		47499
195		142920		12391971		47521
196		142877		12455140		47539
197		142850		12518299		47565
198		142846		12581453		47557
199		142843		12644625		47546
200		142802		12707786		47531
201		142768		12770929		47529
202		142819		12834091		47527
203		142788		12897283		47527
204		142802		12960428		47529
205		142771		13023560		47550
206		142777		13086717		47529
207		142733		13149880		47580
208		142688		13213032		47570
209		142667		13276201		47573
210		142660		13339338		47585
211		142644		13402499		47604
212		142610		13465636		47595
213		142600		13528807		47554
214		142581		13591960		47575
215		142548		13655094		47574
216		142541		13718270		47590
217		142529		13781439		47576
218		142515		13844610		47562
219		142490		13907739		47560
220		142492		13970904		47555
221		142481		14034022		47550
222		142472		14097177		47574
223		142452		14160350		47579
224		142443		14223522		47584
225		142459		14286700		47569
226		142470		14349860		47554
227		142479		14413044		47554
228		142458		14476229		47546
229		142444		14539356		47535
230		142418		14602477		47536
231		142401		14665603		47540
232		142378		14728728		47568
233		142382		14791886		47560
234		142397		14855020		47564
235		142405		14918179		47564
236		142407		14981308		47551
237		142367		15044457		47550
238		142357		15107577		47536
239		142351		15170716		47536
240		142358		15233862		47520
241		142362		15297020		47526
242		142330		15360154		47548
243		142286		15423264		47543
244		142276		15486403		47527
245		142285		15549546		47541
246		142261		15612691		47534
247		142205		15675801		47528
248		142218		15738962		47536
249		142238		15802096		47559
250		142234		15865212		47573
251		142247		15928398		47578
252		142300		15991583		47566
253		142339		16054747		47542
254		142358		16117927		47563
255		142405		16181087		47541
256		142381		16244238		47552
257		142385		16307372		47537
258		142392		16370514		47530
259		142394		16433646		47540
260		142395		16496824		47538
261		142405		16559941		47552
262		142410		16623021		47512
263		142371		16686130		47512
264		142371		16749229		47494
265		142374		16812380		47506
266		142346		16875481		47530
267		142326		16938600		47520
268		142310		17001712		47540
269		142293		17064828		47521
270		142264		17127956		47521
271		142255		17191122		47516
272		142229		17254286		47528
273		142224		17317408		47539
274		142179		17380520		47522
275		142169		17443655		47515
276		142143		17506779		47522
277		142122		17569919		47520
278		142113		17633053		47540
279		142092		17696186		47563
280		142085		17759331		47565
281		142075		17822481		47565
282		142051		17885629		47559
283		142021		17948763		47554
284		142013		18011874		47540
285		142026		18075029		47535
286		142034		18138111		47525
287		142023		18201246		47529
288		142020		18264369		47523
289		142015		18327498		47532
290		141968		18390616		47522
291		141960		18453770		47508
292		141951		18516863		47516
293		141967		18579962		47524
294		141947		18643097		47510
295		141926		18706271		47523
296		141923		18769405		47515
297		141920		18832561		47506
298		141900		18895692		47495
299		141889		18958842		47486
300		141878		19021961		47478
301		141880		19085083		47493
302		141861		19148240		47500
303		141845		19211399		47509
304		141830		19274506		47509
305		141843		19337587		47511
306		141838		19400708		47542
307		141834		19463855		47520
308		141819		19526974		47519
309		141801		19590097		47530
310		141799		19653241		47527
311		141786		19716413		47551
312		141775		19779567		47548
313		141770		19842716		47542
314		141769		19905804		47556
315		141766		19968905		47553
316		141756		20032008		47552
317		141737		20095136		47548
318		141723		20158225		47566
319		141717		20221342		47558
320		141720		20284490		47551
321		141707		20347620		47557
322		141710		20410759		47543
323		141699		20473912		47547
324		141694		20537027		47579
325		141691		20600168		47562
326		141699		20663262		47577
327		141684		20726419		47557
328		141682		20789519		47559
329		141676		20852663		47557
330		141683		20915778		47565
331		141672		20978928		47560
332		141667		21042075		47548
333		141669		21105183		47554
334		141660		21168321		47572
335		141667		21231453		47567
336		141647		21294541		47559
337		141645		21357666		47579
338		141640		21420763		47578
339		141645		21483907		47565
340		141629		21547059		47580
341		141625		21610165		47570
342		141644		21673270		47576
343		141645		21736410		47584
344		141622		21799547		47552
345		141619		21862664		47569
346		141611		21925810		47564
347		141602		21988948		47573
348		141605		22052070		47568
349		141600		22115174		47574
350		141582		22178315		47578
351		141578		22241458		47584
352		141588		22304551		47585
353		141581		22367713		47572
354		141585		22430837		47562
355		141586		22493954		47564
356		141580		22557074		47573
357		141569		22620173		47568
358		141579		22683274		47574
359		141572		22746424		47570
360		141577		22809564		47589
361		141577		22872680		47590
362		141574		22935833		47603
363		141580		22998911		47605
364		141582		23062012		47601
365		141557		23125129		47590
366		141559		23188233		47582
367		141538		23251363		47590
368		141537		23314470		47582
369		141529		23377539		47573
370		141540		23440687		47559
371		141536		23503798		47566
372		141529		23566910		47580
373		141533		23630050		47585
374		141550		23693190		47577
375		141544		23756308		47581
376		141557		23819423		47589
377		141552		23882533		47571
378		141543		23945616		47567
379		141538		24008754		47581
380		141535		24071885		47581
381		141540		24135007		47570
382		141545		24198152		47579
383		141557		24261304		47587
384		141528		24324413		47584
385		141520		24387540		47602
386		141517		24450671		47599
387		141511		24513807		47599
388		141512		24576946		47613
389		141522		24640025		47621
390		141526		24703150		47627
391		141538		24766254		47627
392		141513		24829381		47638
393		141507		24892508		47644
394		141515		24955621		47633
395		141493		25018722		47632
396		141493		25081802		47637
397		141498		25144949		47616
398		141490		25208073		47618
399		141491		25271157		47623
400		141481		25334285		47614
401		141484		25397356		47623
402		141483		25460434		47629
403		141487		25523561		47606
404		141474		25586700		47618
405		141485		25649853		47614
406		141489		25712974		47610
407		141483		25776097		47613
408		141491		25839207		47610
409		141498		25902281		47611
410		141487		25965423		47622
411		141491		26028525		47607
412		141507		26091640		47596
413		141500		26154718		47590
414		141492		26217818		47598
415		141474		26280912		47594
416		141464		26344043		47610
417		141449		26407180		47611
418		141448		26470329		47593
419		141444		26533437		47592
420		141452		26596563		47589
421		141443		26659707		47564
422		141457		26722800		47576
423		141445		26785918		47576
424		141441		26849055		47573
425		141449		26912124		47559
426		141439		26975244		47560
427		141434		27038359		47569
428		141436		27101486		47577
429		141433		27164590		47573
430		141445		27227717		47567
431		141438		27290810		47577
432		141455		27353897		47578
433		141467		27417019		47577
434		141465		27480103		47575
435		141468		27543197		47574
436		141441		27606308		47598
437		141430		27669427		47589
438		141440		27732543		47591
439		141429		27795674		47599
440		141425		27858777		47599
441		141428		27921902		47584
442		141436		27985047		47587
443		141431		28048118		47576
444		141422		28111202		47580
445		141428		28174303		47566
446		141429		28237399		47579
447		141442		28300512		47571
448		141424		28363632		47590
449		141436		28426724		47580
450		141443		28489851		47589
451		141420		28552963		47584
452		141403		28616064		47589
453		141412		28679189		47585
454		141420		28742346		47579
455		141406		28805471		47590
456		141414		28868602		47590
457		141411		28931689		47591
458		141407		28994821		47584
459		141405		29057938		47593
460		141410		29121042		47606
461		141412		29184142		47623
462		141395		29247241		47609
463		141386		29310343		47605
464		141391		29373464		47597
465		141391		29436543		47620
466		141399		29499714		47624
467		141395		29562843		47622
468		141398		29625999		47631
469		141395		29689096		47619
470		141401		29752201		47607
471		141391		29815264		47593
472		141376		29878325		47599
473		141367		29941448		47607
474		141361		30004576		47608
475		141375		30067707		47614
476		141361		30130771		47604
477		141385		30193847		47583
478		141388		30256927		47586
479		141379		30320039		47592
480		141370		30383158		47590
481		141373		30446263		47590
482		141358		30509358		47592
483		141348		30572474		47602
484		141351		30635534		47613
485		141341		30698669		47602
486		141335		30761789		47601
487		141333		30824916		47614
488		141327		30888043		47622
489		141326		30951124		47623
490		141315		31014202		47633
491		141325		31077300		47612
492		141318		31140444		47627
493		141321		31203552		47634
494		141308		31266623		47633
495		141314		31329716		47633
496		141301		31392853		47632
497		141308		31455955		47632
498		141301		31519081		47634
499		141302		31582164		47628
500		141297		31645275		47626
501		141373		31708450		47616
502		141431		31771600		47620
503		141476		31834780		47615
504		141493		31897947		47611
505		141551		31961065		47617
506		141569		32024191		47614
507		141726		32087330		47616
508		141678		32150462		47615
509		141682		32213567		47599
510		141644		32276641		47619
511		141639		32339772		47603
512		141613		32402854		47577
513		141603		32465945		47585
514		141586		32529033		47589
515		141561		32592086		47584
516		141558		32655222		47568
517		141535		32718309		47566
518		141515		32781389		47561
519		141509		32844506		47569
520		141494		32907577		47555
521		141494		32970664		47554
522		141486		33033744		47570
523		141480		33096811		47575
524		141474		33159893		47583
525		141458		33222976		47590
526		141442		33286094		47588
527		141431		33349181		47590
528		141427		33412258		47601
529		141436		33475314		47597
530		141422		33538380		47598
531		141434		33601489		47590
532		141426		33664592		47588
533		141432		33727674		47584
534		141417		33790765		47594
535		141403		33853820		47591
536		141408		33916884		47592
537		141393		33979979		47599
538		141386		34043043		47620
539		141395		34106143		47633
540		141390		34169238		47614
541		141379		34232306		47620
542		141389		34295412		47610
543		141356		34358536		47601
544		141351		34421606		47609
545		141371		34484699		47583
546		141356		34547816		47616
547		141350		34610898		47619
548		141351		34673984		47618
549		141345		34737074		47602
550		141328		34800177		47598
551		141338		34863232		47598
552		141338		34926343		47584
553		141408		34989457		47592
554		141404		35052538		47600
555		141352		35115621		47607
556		141362		35178733		47615
557		141349		35241818		47606
558		141357		35304887		47595
559		141360		35367979		47592
560		141354		35431108		47613
561		141327		35494189		47599
562		141319		35557288		47587
563		141294		35620363		47593
564		141302		35683484		47597
565		141299		35746592		47589
566		141286		35809714		47597
567		141269		35872789		47587
568		141262		35935916		47590
569		141249		35999000		47580
570		141247		36062086		47572
571		141234		36125199		47578
572		141231		36188286		47593
573		141221		36251340		47607
574		141214		36314410		47620
575		141199		36377543		47607
576		141207		36440650		47604
577		141215		36503767		47597
578		141186		36566874		47606
579		141193		36629993		47587
580		141170		36693069		47593
581		141161		36756135		47593
582		141167		36819200		47588
583		141154		36882310		47585
584		141136		36945416		47594
585		141140		37008536		47605
586		141129		37071641		47597
587		141115		37134718		47593
588		141095		37197783		47576
589		141090		37260911		47576
590		141082		37323983		47577
591		141094		37387077		47585
592		141076		37450180		47592
593		141066		37513233		47600
594		141065		37576328		47616
595		141053		37639439		47630
596		141045		37702512		47652
597		141039		37765594		47656
598		141057		37828668		47662
599		141063		37891732		47652
600		141055		37954823		47653
601		141053		38017933		47642
602		141042		38081017		47638
603		141028		38144142		47656
604		141011		38207256		47648
605		141009		38270372		47653
606		140996		38333429		47644
607		140987		38396534		47653
608		140991		38459643		47638
609		140995		38522767		47633
610		140983		38585884		47616
611		140984		38648982		47625
612		140980		38712037		47618
613		140971		38775144		47622
614		140975		38838216		47612
615		140974		38901282		47606
616		140976		38964365		47610
617		140968		39027435		47614
618		140984		39090567		47615
619		140966		39153642		47598
620		140954		39216736		47604
621		140962		39279818		47616
622		140944		39342865		47641
623		140955		39405959		47646
624		140980		39469034		47646
625		140976		39532099		47633
626		140968		39595217		47648
627		140952		39658297		47637
628		140936		39721379		47641
629		140935		39784476		47627
630		140936		39847519		47659
631		140933		39910607		47652
632		140947		39973679		47676
633		140930		40036798		47672
634		140937		40099890		47661
635		140931		40162978		47682
636		140950		40226061		47654
637		140956		40289167		47647
638		140932		40352249		47649
639		140937		40415353		47641
640		140932		40478436		47646
641		140935		40541497		47633
642		140899		40604608		47628
643		140890		40667740		47645
644		140873		40730856		47630
645		140867		40793908		47628
646		140873		40857027		47626
647		140856		40920133		47621
648		140843		40983203		47612
649		140835		41046273		47613
650		140849		41109379		47605
651		140821		41172460		47605
652		140808		41235544		47606
653		140807		41298619		47620
654		140802		41361764		47627
655		140792		41424856		47627
656		140788		41487896		47631
657		140782		41551022		47625
658		140770		41614108		47624
659		140777		41677203		47625
660		140774		41740298		47627
661		140755		41803385		47623
662		140746		41866505		47633
663		140748		41929615		47641
664		140758		41992689		47651
665		140745		42055774		47637
666		140741		42118843		47628
667		140731		42181944		47638
668		140730		42245012		47623
669		140738		42308099		47622
670		140727		42371218		47620
671		140721		42434328		47628
672		140720		42497430		47622
673		140720		42560547		47639
674		140722		42623591		47633
675		140703		42686690		47631
676		140716		42749789		47649
677		140710		42812850		47648
678		140703		42875943		47619
679		140707		42939054		47625
680		140698		43002142		47625
681		140711		43065233		47613
682		140716		43128261		47633
683		140711		43191339		47640
684		140709		43254374		47640
685		140715		43317448		47615
686		140712		43380568		47619
687		140707		43443667		47617
688		140703		43506744		47625
689		140696		43569824		47609
690		140698		43632917		47623
691		140696		43696007		47625
692		140700		43759060		47622
693		140698		43822130		47613
694		140696		43885245		47620
695		140691		43948348		47612
696		140691		44011431		47614
697		140688		44074511		47595
698		140675		44137556		47576
699		140677		44200647		47578
700		140678		44263705		47585
701		140675		44326776		47581
702		140673		44389861		47588
703		140679		44452906		47590
704		140672		44515975		47599
705		140666		44579060		47595
706		140664		44642129		47595
707		140664		44705209		47599
708		140660		44768255		47590
709		140659		44831345		47589
710		140650		44894458		47582
711		140646		44957578		47593
712		140647		45020663		47596
713		140647		45083777		47591
714		140643		45146857		47595
715		140641		45209958		47583
716		140639		45273082		47594
717		140652		45336157		47596
718		140638		45399270		47606
719		140645		45462338		47611
720		140642		45525421		47608
721		140654		45588499		47609
722		140651		45651569		47614
723		140647		45714646		47589
724		140645		45777717		47595
725		140645		45840800		47597
726		140640		45903865		47595
727		140639		45966992		47601
728		140638		46030041		47609
729		140640		46093152		47617
730		140633		46156257		47606
731		140645		46219334		47606
732		140650		46282396		47597
733		140651		46345473		47592
734		140652		46408599		47600
735		140644		46471700		47598
736		140652		46534789		47596
737		140649		46597876		47583
738		140639		46660931		47582
739		140629		46724039		47592
740		140645		46787115		47590
741		140628		46850187		47596
742		140636		46913245		47579
743		140646		46976284		47576
744		140645		47039323		47573
745		140652		47102380		47577
746		140651		47165423		47583
747		140646		47228515		47591
748		140647		47291579		47594
749		140630		47354613		47596
750		140629		47417691		47617
751		140713		47480825		47616
752		140793		47543973		47586
753		140858		47607094		47581
754		140911		47670203		47575
755		140945		47733326		47562
756		140956		47796477		47550
757		140974		47859580		47558
758		140980		47922644		47587
759		140989		47985741		47587
760		140988		48048850		47589
761		140994		48111911		47608
762		140988		48174997		47612
763		140974		48238052		47599
764		140965		48301141		47599
765		140950		48364200		47604
766		140931		48427265		47588
767		140912		48490360		47590
768		140891		48553426		47562
769		140901		48616493		47581
770		140898		48679545		47597
771		140878		48742634		47586
772		140870		48805725		47598
773		140873		48868804		47597
774		140868		48931862		47603
775		140868		48994939		47623
776		140868		49058015		47615
777		140855		49121146		47615
778		140844		49184185		47599
779		140854		49247270		47620
780		140847		49310369		47595
781		140832		49373441		47618
782		140817		49436522		47629
783		140802		49499555		47616
784		140785		49562601		47592
785		140779		49625679		47598
786		140770		49688777		47590
787		140776		49751893		47585
788		140757		49814947		47584
789		140751		49878063		47581
790		140752		49941112		47570
791		140745		50004186		47586
792		140751		50067243		47577
793		140752		50130339		47605
794		140752		50193389		47616
795		140745		50256448		47606
796		140741		50319505		47619
797		140736		50382571		47608
798		140728		50445629		47625
799		140726		50508711		47610
800		140721		50571755		47603
801		140721		50634825		47595
802		140715		50697911		47582
803		140714		50761009		47574
804		140702		50824041		47584
805		140708		50887152		47578
806		140705		50950258		47588
807		140714		51013342		47583
808		140696		51076365		47579
809		140710		51139420		47572
810		140706		51202462		47579
811		140704		51265550		47580
812		140701		51328624		47572
813		140693		51391701		47588
814		140684		51454783		47585
815		140673		51517846		47600
816		140668		51580902		47589
817		140667		51644004		47591
818		140657		51707068		47589
819		140653		51770198		47595
820		140650		51833248		47593
821		140646		51896334		47580
822		140643		51959392		47587
823		140663		52022475		47583
824		140642		52085577		47592
825		140646		52148627		47588
826		140657		52211732		47597
827		140651		52274786		47603
828		140645		52337833		47609
829		140655		52400870		47617
830		140651		52463990		47628
831		140637		52527022		47631
832		140646		52590063		47630
833		140643		52653151		47607
834		140639		52716214		47612
835		140637		52779284		47607
836		140630		52842364		47615
837		140635		52905436		47607
838		140615		52968536		47609
839		140604		53031636		47631
840		140605		53094730		47622
841		140593		53157829		47628
842		140582		53220887		47631
843		140585		53283950		47632
844		140602		53347047		47646
845		140576		53410111		47640
846		140585		53473195		47631
847		140605		53536266		47621
848		140605		53599304		47601
849		140602		53662384		47615
850		140597		53725480		47598
851		140598		53788545		47606
852		140599		53851644		47597
853		140589		53914704		47600
854		140593		53977775		47598
855		140577		54040860		47619
856		140581		54103940		47603
857		140568		54166996		47612
858		140570		54230060		47617
859		140560		54293163		47612
860		140572		54356268		47609
861		140573		54419367		47631
862		140565		54482442		47611
863		140561		54545523		47611
864		140546		54608646		47596
865		140542		54671709		47602
866		140545		54734791		47600
867		140546		54797833		47591
868		140540		54860912		47585
869		140544		54923972		47583
870		140541		54987014		47583
871		140537		55050106		47587
872		140542		55113181		47584
873		140543		55176230		47587
874		140537		55239311		47583
875		140534		55302381		47611
876		140530		55365475		47606
877		140520		55428535		47600
878		140521		55491612		47597
879		140521		55554662		47595
880		140523		55617700		47592
881		140516		55680791		47585
882		140519		55743848		47585
883		140507		55806920		47579
884		140507		55870035		47578
885		140512		55933066		47590
886		140507		55996156		47597
887		140511		56059241		47587
888		140499		56122317		47596
889		140498		56185393		47603
890		140494		56248518		47610
891		140489		56311579		47606
892		140490		56374648		47592
893		140499		56437717		47589
894		140499		56500774		47593
895		140492		56563869		47587
896		140492		56626972		47600
897		140494		56690025		47590
898		140495		56753075		47590
899		140500		56816118		47577
900		140500		56879193		47575
901		140495		56942306		47588
902		140496		57005403		47593
903		140487		57068488		47597
904		140490		57131500		47590
905		140486		57194561		47587
906		140487		57257645		47582
907		140487		57320735		47580
908		140480		57383801		47568
909		140477		57446900		47554
910		140474		57509975		47567
911		140478		57573069		47563
912		140476		57636149		47564
913		140483		57699238		47570
914		140488		57762303		47571
915		140475		57825401		47585
916		140470		57888440		47596
917		140468		57951546		47598
918		140473		58014659		47593
919		140472		58077724		47587
920		140474		58140804		47589
921		140476		58203860		47587
922		140467		58266974		47586
923		140468		58330051		47588
924		140467		58393129		47583
925		140467		58456192		47608
926		140466		58519253		47606
927		140456		58582295		47604
928		140454		58645364		47634
929		140447		58708455		47630
930		140452		58771550		47634
931		140448		58834589		47640
932		140451		58897687		47651
933		140456		58960806		47649
934		140458		59023897		47642
935		140464		59086993		47641
936		140463		59150033		47651
937		140457		59213087		47649
938		140461		59276193		47634
939		140455		59339270		47630
940		140464		59402405		47630
941		140465		59465500		47633
942		140468		59528592		47629
943		140467		59591665		47617
944		140475		59654730		47622
945		140465		59717817		47616
946		140462		59780895		47617
947		140466		59843970		47613
948		140469		59907055		47602
949		140468		59970131		47608
950		140456		60033205		47604
951		140453		60096265		47592
952		140456		60159330		47597
953		140459		60222422		47584
954		140470		60285507		47585
955		140459		60348598		47589
956		140461		60411706		47615
957		140462		60474804		47612
958		140459		60537863		47606
959		140461		60600984		47604
960		140455		60664066		47610
961		140452		60727134		47611
962		140453		60790190		47617
963		140455		60853243		47607
964		140442		60916309		47601
965		140442		60979384		47604
966		140435		61042420		47599
967		140430		61105499		47594
968		140433		61168589		47609
969		140438		61231637		47605
970		140433		61294719		47618
971		140443		61357782		47604
972		140437		61420835		47584
973		140433		61483920		47591
974		140425		61547002		47588
975		140422		61610060		47587
976		140427		61673169		47584
977		140427		61736245		47570
978		140424		61799282		47570
979		140422		61862402		47588
980		140412		61925451		47579
981		140407		61988491		47587
982		140408		62051553		47579
983		140416		62114622		47577
984		140405		62177709		47566
985		140410		62240782		47569
986		140414		62303861		47581
987		140410		62366948		47577
988		140410		62429998		47574
989		140402		62493083		47584
990		140406		62556134		47582
991		140400		62619205		47583
992		140399		62682300		47578
993		140400		62745349		47580
994		140407		62808458		47588
995		140407		62871525		47567
996		140406		62934575		47564
997		140413		62997674		47559
998		140419		63060723		47578
999		140412		63123771		47589
